structure(list(FOV = 30, ignoreExtent = FALSE, listeners = 1L, 
    mouseMode = structure(c("trackball", "zoom", "fov", "pull"
    ), .Names = c("left", "right", "middle", "wheel")), skipRedraw = FALSE, 
    userMatrix = structure(c(0.84318208694458, -0.288297772407532, 
    0.453793197870255, 0, 0.29126101732254, 0.954421579837799, 
    0.0651651173830032, 0, -0.451896995306015, 0.0772261768579483, 
    0.888720989227295, 0, 0, 0, 0, 1), .Dim = c(4L, 4L)), scale = c(1.31070590019226, 
    1.15120577812195, 0.775368452072144), viewport = structure(c(0L, 
    0L, 354L, 487L), .Names = c("x", "y", "width", "height")), 
    zoom = 1, windowRect = c(1017L, 175L, 1371L, 662L), family = "sans", 
    font = 1L, cex = 1, useFreeType = TRUE), .Names = c("FOV", 
"ignoreExtent", "listeners", "mouseMode", "skipRedraw", "userMatrix", 
"scale", "viewport", "zoom", "windowRect", "family", "font", 
"cex", "useFreeType"))
